datetime	0	0.5	1	1.5	2	3	4	5	6	7	8	9	10	11	12	13	14	15	16	17	18	19	20
2013-04-27	5.678880563	5.429967093	5.37574006333333	5.40890709333333	5.38034790366667	4.93838239666667	4.452175488	4.50823148966667	4.44550902	4.41191713766667	4.40049905833333	4.45072222233333	4.51668748133333	4.45771929833333	4.56512756466667	4.47091109133333	4.54919367633333	4.64997160266667	4.56811299433333	4.50712806	4.612093369	4.48954960866667	4.47670036666667
2013-04-28	7.595304025125	5.97044373825	5.62829684554167	5.60252483516667	5.571123587625	5.24820491995833	4.90977201041667	4.9522648305	4.754119114875	4.618815913375	4.54546763183333	4.56508545204167	4.61509251416667	4.545562970875	4.639775776875	4.543588159125	4.60705402541667	4.70590819220833	4.622338865375	4.55079060733333	4.64937641233333	4.54161499533333	4.50959592745833
2013-04-29	7.39471939725	6.93674046604167	6.679931968	6.52285157720833	6.38875294270833	5.99715042370833	5.60200153004167	5.49874835208333	5.19203048495833	4.94347763654167	4.80115748591667	4.75964465629167	4.767910193	4.66738429854167	4.73539771658333	4.622377236375	4.6631991525	4.74126883229167	4.624353696	4.539965984	4.62963300379167	4.51218220341667	4.487324387875
2013-04-30	5.89058145016667	5.60013959520833	5.596817678875	5.71375941616667	5.7776845575	5.636317208125	5.445816737375	5.58580579104167	5.46619668083333	5.32423187383333	5.23396704325	5.21245373479167	5.23634263170833	5.156732933125	5.221606403	5.09133921841667	5.125571327625	5.19137841345833	5.0620156545	4.94763877116667	4.99751059320833	4.85035687379167	4.759714807
2013-05-01	8.75778828384211	7.10013831310526	6.67920711547368	6.48791678473684	6.42583256031579	6.17569104968421	5.91660460889474	6.01555670542105	5.95250998805263	5.87269889452632	5.83861128031579	5.85632932789474	5.84865007426316	5.77798480526316	5.84717032415789	5.72263583115789	5.76840945578947	5.86252241521053	5.75535896689474	5.67602500389474	5.76367948252632	5.66649690752632	5.61462016257895
2013-05-02	6.73225965175	6.60213100279167	6.60878625233333	6.69820539083333	6.76168408670833	6.58556332395833	6.35722907329167	6.48495527316667	6.41101577220833	6.32078307445833	6.29954307904167	6.26007897829167	6.33948222691667	6.2864633945	6.37197281075	6.24897804245833	6.28984875233333	6.36366278254167	6.24270091808333	6.138417726	6.18948505183333	6.06295880416667	5.97501388883333
2013-05-03	6.56799693979167	6.49213724095833	6.50326588991667	6.59280661483333	6.683337452875	6.55247269308333	6.37236169958333	6.55611287666667	6.52599105466667	6.47723143954167	6.47498905366667	6.45001647829167	6.54068620529167	6.50011911483333	6.598655131875	6.49739889354167	6.556848046	6.64918020245833	6.55424346545833	6.48444738720833	6.56897022133333	6.47177966095833	6.423816384125
2013-05-04	7.12041148775	6.8556506185	6.76167577445833	6.78532933554167	6.8047299175	6.594620174125	6.33557132770833	6.465280484875	6.42025035316667	6.36049169591667	6.34766106570833	6.30553604133333	6.40381046658333	6.35090018833333	6.454476224125	6.340534251375	6.40110109416667	6.49205101791667	6.40009199045833	6.33169823925	6.4108333455	6.31200306029167	6.26215901595833
2013-05-05	8.51469538641667	8.06064119825	7.745314005875	7.56846832179167	7.51993329116667	7.17074446808333	6.83261687854167	6.91267773075	6.79222118729167	6.63894888466667	6.550721759625	6.50078738070833	6.56493135095833	6.51939088983333	6.605878413375	6.49681379470833	6.54382169291667	6.62896950291667	6.51658626379167	6.43275299525	6.49330830320833	6.374237288125	6.3085610875
2013-05-06	10.2522083329167	9.550866054625	9.26363288595833	9.1551133475	8.89560228345833	7.71343243883333	6.97670068275	6.97324234929167	6.82387829566667	6.668406536125	6.61037711858333	6.5584677495	6.610012005625	6.56281450091667	6.64977448208333	6.56649023066667	6.60839053679167	6.69503731170833	6.58260323308333	6.50255920433333	6.583283074375	6.46169173733333	6.38476930320833
2013-05-07	12.6934530036364	11.7790113	10.3616232661818	9.46705469963636	8.75865998972727	7.49249512072727	6.97449563418182	7.03900847454545	6.97195916809091	6.83655649718182	6.75184206481818	6.63841884945455	6.62217437081818	6.53351155618182	6.60485978436364	6.48293040572727	6.51283487427273	6.60212686190909	6.50617770936364	6.44462763227273	6.52891859263636	6.41632742672727	6.33659681572727
2013-05-08	19.3913448066667	13.2709025944444	11.0972707333333	9.83734474666667	8.93785170911111	8.12833319055555	7.52619599966667	7.26207592244444	6.96957689888889	6.75940587311111	6.65401691422222	6.544288107	6.57699737488889	6.50152742111111	6.572136535	6.41651869277778	6.42563918544444	6.47119338088889	6.367435656	6.29846202133333	6.39409493244444	6.300101695	6.23721650277778
2013-05-09	15.9444388554167	14.8818313329167	13.1680741533333	11.0324497410833	9.63894762275	8.34353001404167	7.493943385125	7.199864877625	6.938077683625	6.72240289545833	6.60845645008333	6.54335251875	6.59549223166667	6.53046421854167	6.61434592758333	6.482888065	6.513023893625	6.57383262708333	6.43875306025	6.34588053195833	6.41077954333333	6.3051782015	6.23306002825
2013-05-10	8.17871876179167	8.07207632079167	8.06950221170833	8.15012219366667	8.20571904420833	7.96727754233333	7.67244128283333	7.70451264295833	7.47202129179167	7.16655595820833	6.96547161516667	6.82416973316667	6.83175972866667	6.75986629	6.84324020225	6.72741418683333	6.76719483466667	6.83481752404167	6.71870995645833	6.62879766945833	6.6890354285	6.55542771041667	6.49054247425
2013-05-11	8.978621363375	8.86830084741667	8.78388688795833	8.7899939485	8.74413241120833	8.32910897216667	7.985315609	8.05047427995833	7.89459304175	7.70823602191667	7.57422747825	7.499114414875	7.522620641	7.45062650579167	7.529023930125	7.38022203966667	7.43587289354167	7.50581620158333	7.38857382783333	7.31259207175	7.37478824525	7.246169779625	7.141819481
2013-05-12	8.993097928375	9.016796021625	9.02166466566667	9.125348399125	9.19856214683333	9.05403919491667	8.86523587566667	9.07046233529167	9.02939948216667	8.95877848395833	8.91925129479167	8.91941585895833	8.95741290025	8.90495068266667	9.04214112520833	8.78296845579167	8.80112947283333	8.80400247170833	8.60415395483333	8.54130108291667	8.559570974625	8.3997857815	8.13676094641667
2013-05-13	10.3013774720833	9.99836605470833	9.78484486841667	9.640670551	9.60477565895833	9.30912488233333	9.02651977391667	9.0765915725	8.86817396425	8.6412628295	8.50992431733333	8.42320409608333	8.394689030125	8.32763653470833	8.38892455275	8.19842078625	8.254372763625	8.24983921845833	8.02677860166667	7.9058043785	7.91288597075	7.78676024008333	7.72582215158333
2013-05-14	10.70874976475	9.98126930345833	9.643500235625	9.630939619	9.60237888441667	9.14625882754167	8.8091212335	8.91201000479167	8.81216384183333	8.66874811670833	8.57183721754167	8.54050918079167	8.54681014604167	8.48922634191667	8.53244479745833	8.3239119585	8.35012005645833	8.330355579125	8.05714360516667	7.91693338041667	7.906623352125	7.77160028241667	7.719863229625
2013-05-15	11.2852338751667	10.8368639355	10.584850047	10.4300683851667	10.321876485375	9.90250776904167	9.503417843625	9.48570915745833	9.303749058375	9.12362794270833	8.98681202916667	8.90175317791667	8.89140783891667	8.804884534	8.885117820125	8.64018126179167	8.67380461404167	8.66763983045833	8.408864053625	8.27155637945833	8.21798034379167	8.00302342279167	7.80368973633333
2013-05-16	14.5635562625	13.02101742	12.7444944683333	12.3293389829167	11.9316192325	11.0888979516667	10.3705700333333	10.3383708808333	10.04905155375	9.57059216104167	9.21707285775	9.04598705270833	9.03530284854167	8.950694562125	9.11537123354167	8.84301494829167	8.84923505175	8.77529143129167	8.45582297558333	8.288255885125	8.209250470875	8.002983403875	7.80624482116667
2013-05-17	11.7145699154167	11.6140310729167	11.5558830041667	11.52457168125	11.414899365	10.850365348375	10.1805185973333	9.97563218025	9.60599611595833	9.28984498591667	9.07598352154167	8.95467384654167	8.87410828625	8.72062229295833	8.702208097875	8.38534839920833	8.34808957158333	8.33774964695833	8.07366713741667	8.01131297075	8.01004449154167	7.86185040008333	7.75853542845833
2013-05-18	12.5401710216667	11.6431506595833	11.4118415729167	11.2616512479167	11.1621944441667	10.8444902304167	10.5594284370417	10.6842635358333	10.51811146375	10.3128051615417	10.1188596990833	9.87780225975	9.66909698695833	9.32681461875	9.16700717979167	8.799166666625	8.664150070625	8.56831120529167	8.244475164875	8.129492113875	8.10856579566667	7.96155390775	7.79484145475
2013-05-19	13.4051893833333	13.16516549	12.93538017875	12.7208782966667	12.4847800145833	11.7549865820833	11.28349752875	10.8749635116667	10.5389503291667	10.2557286882083	10.0963671135417	9.89709977495833	9.702784839875	9.43808533425	9.32309851691667	8.96108321558333	8.82287817791667	8.59889065445833	8.13268067329167	8.03193820625	8.06495586170833	7.92975247166667	7.77439006595833
2013-05-20	12.7377515308333	12.54383745375	12.4935625004167	12.5044189025	12.55673481625	12.26391466625	11.8563728816667	11.7050873345833	11.2024678669583	10.7568353223333	10.4013108520417	9.99530885095833	9.66617596475	9.31663818275	9.185225988875	8.77956485391667	8.64956414783333	8.52302554145833	8.215936676125	8.141583451	8.14871574854167	7.99513547541667	7.80019008954167
2013-05-21	14.7330249533333	14.5690048254167	14.5752614170833	14.6207753058333	14.6868682904167	14.4279711629167	14.0651294733333	13.9900617933333	13.5096996241667	12.5397897833333	11.2341626641667	10.4494407955833	9.923008474875	9.42590701504167	9.14892973145833	8.6882351695	8.545062735375	8.41103919491667	8.11133910070833	8.06057768366667	8.10844585691667	7.98383309791667	7.81857521191667
2013-05-22	16.1419229045833	15.9212003291667	15.694659605	15.498867115	15.3772674195833	14.99718549875	14.6776760820833	14.6241185258333	13.9298850045833	12.56457015125	11.2946590158333	10.3961374760833	9.72898469841667	9.14132085708333	8.92423057904167	8.53110451975	8.46021457145833	8.40287959033333	8.12445527308333	8.059724340875	8.10548199145833	7.97877695375	7.8115468455
2013-05-23	14.6030536733333	14.5347908441667	14.54556371375	14.62154202	14.6952182204167	14.52018655875	14.24699988125	14.3893538141667	14.15277648375	13.1347544729167	12.1158422779167	11.3352754241667	10.7225989870417	10.0377016241667	9.71259557445833	9.23285404916667	9.08260887470833	8.91987417604167	8.552398069625	8.37328707629167	8.28338347454167	8.07420032975	7.85094267895833
2013-05-24	15.0845976725	14.7301571320833	14.3926147591667	14.39044927	14.4276347695833	14.2653983054167	14.000561205	14.2010953391667	14.1224083091667	13.5757314475	12.8312718920833	12.0050974566667	11.0012502358333	10.5510054145833	9.97132827216667	9.309621115625	9.005273658125	8.82253554608333	8.49996795241667	8.36503625229167	8.28594750475	8.06958003766667	7.86525588504167
2013-05-25	14.69312980125	14.6625435504167	14.6689435025	14.7210154175	14.7480927495833	14.5239150191667	14.3040723870833	14.42666372375	14.0703182670833	13.0283910079167	12.08775670875	11.0224080741667	10.0517050370833	9.45928625233333	9.37802660075	9.03092255175	8.85714689270833	8.70715725054167	8.43753083804167	8.313453978375	8.27690218925	8.06120444916667	7.8329254945
2013-05-26	14.1989116054167	14.1404656308333	14.1581836158333	14.2432330508333	14.3225785075	14.2297572975	13.9964523304167	14.2173806491667	14.14626436	13.8274203245833	12.43159769375	10.9734854041667	10.138737993625	9.53616925616667	9.38672422316667	8.931928437	8.775143597	8.61311181725	8.31086570158333	8.21919079558333	8.21643361575	8.008494114875	7.80651824391667
2013-05-27	14.1805034125	14.1037394066667	14.1197392891667	14.2067302258333	14.2938932429167	14.2238707625	13.9884183145833	14.2297283429167	14.2092694195833	14.0182702533333	12.6997556495833	10.7211458333333	10.1261565444167	9.59134545675	9.36636475983333	8.88682544729167	8.76723681733333	8.55408521670833	8.24767798633333	8.127347222125	8.12787876654167	7.93533215633333	7.79338429841667
2013-05-28	14.43112582375	14.16700117625	14.0264084283333	14.0242560033333	14.0440020008333	13.8749083104167	13.6566539554167	13.88903425125	13.8830329566667	13.7946970175	13.514547905	12.5976586627917	11.914526247875	10.6977915490417	9.84753130866667	9.31745915716667	9.11662064508333	8.97873787654167	8.69319915245833	8.51925047075	8.44064748120833	8.19358968920833	7.9025840395
2013-05-29	15.9291959741667	15.6934684558333	15.4262427033333	15.0703047316667	14.9199392658333	14.31104084125	13.80585075375	13.9261483045833	13.8064708091667	13.58400941625	13.315820975	13.02593714625	11.80983662875	10.37933721775	9.65660663841667	9.143043196875	9.04253719391667	8.90109592754167	8.57374376179167	8.42070256583333	8.36223234466667	8.13619467979167	7.90072575325
2013-05-30	15.8867671841667	15.74245598	15.75072045625	15.8199066620833	15.8867195920833	15.6598890070833	15.3367468220833	15.1583279191667	14.5840326041667	14.06814983375	13.457696445	12.66956897375	10.8039432684167	9.67686452470833	9.39501412416667	8.95208886533333	8.89155543779167	8.79302036254167	8.52362570620833	8.405368997125	8.354161723125	8.098218338125	7.85343302729167
2013-05-31	15.8369513891667	15.7370562620833	15.73321492375	15.8257159841667	15.90837041	15.7193912433333	15.4914154891667	15.6391051075	15.6203526354167	15.3056052258333	14.5566816145833	12.8779326745833	11.2802011537083	9.84699573391667	9.45716443045833	9.04163100291667	8.98277306970833	8.88153978333333	8.6360421375	8.53498764120833	8.50927071566667	8.29222610645833	8.01178083791667
2013-06-01	16.7841446566667	16.6516051083333	16.6326743179167	16.667755415	16.70232050375	16.4700395475	16.1847452916667	16.2756776133333	15.9753141479167	15.4030686208333	14.7433693504167	13.7078019070833	12.0163967741667	10.1788561679167	9.58505932204167	9.22886240575	9.12007179841667	8.97294161966667	8.63691466575	8.43555614404167	8.346030131875	8.125070856875	7.90587911966667
2013-06-02	17.0268852408333	17.06365607375	17.0766724345833	17.1454382058333	17.24171009875	17.0808512241667	16.88261499625	17.0583741766667	16.902316855	16.7555064083333	16.4345850983333	15.5921468929167	14.5096075804167	12.2986580745833	10.94344715175	10.0844451509583	9.7451969165	9.42760145933333	9.06056414779167	8.78977954333333	8.67011876179167	8.373800965125	8.10811428904167
2013-06-03	17.6823717054167	16.9467526379167	16.7962762233333	16.82873752375	16.8850619116667	16.6869523420833	16.4910124766667	16.71494067875	16.5312336383333	16.3803738066667	16.0448335241667	15.4927172791667	11.91911817	10.2950424217083	9.66561275916667	9.22051318258333	9.01184863466667	8.75617058325	8.4334523955	8.320105278875	8.34683718095833	8.18717725983333	7.95191137008333
2013-06-04	17.7516373575	17.5092919025	17.4779150204167	17.50191525375	17.4926388883333	17.1462601229167	16.8209568029167	16.8586830275	16.4128812375	15.94773964125	15.4594531545833	14.18211428875	12.11613877125	10.6090144780417	9.71443467491667	9.18256429804167	8.94046386529167	8.75743326283333	8.464871468875	8.35353177966667	8.37506532491667	8.174188441625	7.92404319679167
2013-06-05	16.8193363929167	16.7886633716667	16.7957724804167	16.8668753520833	16.9634990579167	16.7993075566667	16.5929334991667	16.7740267183333	16.5672325804167	16.1452304179167	15.4338996004167	13.9987230458333	12.46099023125	11.1199889375	10.2391794967917	9.604176906625	9.25179519775	8.98311558379167	8.61433415716667	8.46206720816667	8.44592431733333	8.244146539625	7.983070268375
2013-06-06	16.72035828625	16.68345444875	16.6970406241667	16.7725858045833	16.8768226225	16.72088300375	16.5138938333333	16.7264642170833	16.5659681025	16.45542243375	15.9634505658333	14.405527895	12.43171104	10.8694257291667	10.0968112055	9.49254378529167	9.13700000004167	8.88274858754167	8.60481155841667	8.45850211854167	8.42875270725	8.21605602633333	7.96577518833333
2013-06-07	17.0774914070833	16.8731551320833	16.64225482625	16.5851520716667	16.6568727633333	16.4602714216667	16.2656598391667	16.4883707629167	16.3134713979167	16.3250626183333	16.0411819670833	15.1319775191667	13.2584563320833	11.1787479992917	10.1574397378333	9.51645032966667	9.0704357345	8.84098269766667	8.53505661479167	8.413007768375	8.408689618625	8.20282591808333	7.94574964683333
2013-06-08	17.8603364825	17.36470539	17.0956400658333	16.8994759895833	16.8167334033333	16.5180543783333	16.2760738	16.4873641720833	16.2692928441667	16.25079308	16.1258431029167	15.25327977875	12.9715663833333	11.0758414554167	10.071107108	9.35322128058333	9.01201741995833	8.763676906875	8.47268997170833	8.36090065916667	8.367768714625	8.158132886	7.92794091341667
2013-06-09	16.8923476941667	16.80321151125	16.8055270716667	16.8697028008333	16.9509736341667	16.7680861579167	16.5422643595833	16.7125070620833	16.519121705	16.2101897566667	15.4442149241667	14.40687876625	12.2167727154167	10.7084512714583	10.0513802963333	9.4476358285	9.14297128058333	8.91098293316667	8.58418914783333	8.44496621941667	8.43708333333333	8.206447622375	7.96742302254167
2013-06-10	18.39056579625	17.5521691370833	17.1834927025	17.10669573875	17.12392855375	16.8850830983333	16.65868137875	16.8939609229167	16.795906425	16.70655226	16.4423278008333	15.16901942	13.4059814025	11.9144884645833	10.9060181261667	10.0170399012083	9.59199411483333	9.154694562125	8.73728589920833	8.532912664875	8.50807544725	8.264000470875	7.97311240575
2013-06-11	20.3300422554167	19.7661076979167	19.3516477166667	18.9905244808333	18.83215136625	17.8150647358333	17.0901620766667	17.1067223404167	16.9004080741667	16.673210805	16.17316808	14.8865592045833	13.2693779433333	12.0937724816667	10.2972961386667	9.42231497170833	9.17253813558333	8.94211381833333	8.62044150195833	8.46189006591667	8.41402095108333	8.173087335125	7.93101506591667
2013-06-12	20.5751138183333	20.4067975516667	20.2362641654167	20.0091712579167	19.6601875004167	18.179223045	17.3173518125	17.287305555	17.0642016245833	16.7777509416667	15.8944127825	14.33059781	13.11286428875	11.5243651125	10.3546100522917	9.53614562179167	9.22315124758333	9.013433968875	8.68931709045833	8.52841690208333	8.491248469875	8.238408074375	7.96621727875
2013-06-13	18.8536337191667	18.7715444920833	18.75735440125	18.8096048729167	18.8158734708333	18.484017185	17.98607533	18.0294651595833	17.8154440916667	17.3940449620833	16.5899145483333	15.3975029416667	14.23280178875	12.9199433858333	11.60648964125	10.396006827	9.68126365291667	9.28841066391667	8.88282168066667	8.66750247179167	8.59042208095833	8.32596916208333	8.02408356870833
2013-06-14	19.7910480233333	19.5968764120833	19.5003013183333	19.5046219395833	19.47967796625	19.0949240820833	18.8462297558333	18.9980813329167	18.7577264608333	18.21242984875	17.2076116995833	15.1480108283333	12.1240010595833	10.68023564	9.95038206175	9.583948329	9.25899599808333	8.9579937495	8.64112017416667	8.507007533	8.45152989641667	8.19298564033333	7.940665725
2013-06-15	20.006045315	19.8506507758333	19.7916931495833	19.8033280375	19.77787711875	19.4194828166667	19.0307661258333	18.8876548966667	17.9853087329167	17.2517962570833	16.6010068266667	15.2733840633333	13.3492836633333	11.8223401595833	11.0426713740833	10.0070827447917	9.60398469833333	9.31569762225	8.93591678429167	8.72195974566667	8.65371492466667	8.327750117625	8.02044067791667
2013-06-16	21.4229902425	21.3153090875	21.2749136066667	21.3184604516667	21.2966308854167	20.6802645941667	19.9508398066667	19.6298456933333	18.8470016483333	17.9523907720833	16.8245417841667	15.4271292379167	13.4983067316667	11.6219934083333	10.4058480460833	9.606211864625	9.38126518366667	9.17826035779167	8.75711511295833	8.486583921875	8.42928436904167	8.18110734466667	7.94090725058333
2013-06-17	22.1861096983333	22.1368553441667	22.1093086166667	22.1660488458333	22.1555448441667	21.7397032720833	21.14166831375	20.9724469158333	19.4826167616667	17.8653069683333	16.6897989641667	15.3629044258333	13.1251009891667	10.9788334516667	9.98554449125	9.480342514125	9.34014124291667	9.16700635591667	8.77852106883333	8.60480367233333	8.44870374291667	8.192891007625	7.94518243879167
2013-06-18	22.0264081920833	22.0055741525	22.0034734	22.1041916195833	22.1527733058333	21.7952060966667	20.9204489170833	19.2116789079167	18.0664132533333	16.86534957625	15.94340619125	15.1276373591667	14.03785299	12.7369033679167	11.3474958808333	10.0510699149583	9.56342808404167	9.31316831458333	8.90968208566667	8.68517784841667	8.60283392179167	8.31877542370833	8.02418938320833
2013-06-19	22.0197968325	21.76064901125	21.4620354291667	21.4661709045833	21.4939344391667	21.30551942	20.98995862125	20.1308835920833	18.3742746	17.4976965625	16.5860848633333	15.5594040725	14.249389125	12.5732890779167	10.759980461625	9.54807980229167	9.31315936916667	9.12462217516667	8.77077871945833	8.56305320145833	8.50270021183333	8.23957897829167	7.96442725983333
2013-06-20	22.0117568279167	21.9193201508333	21.8040537895833	21.8102084504167	21.7491417129167	21.4311207629167	21.07011546625	21.13570291875	18.37290336625	17.04625516625	16.0206806729167	15.1269421033333	13.904248705	11.88576082875	10.6293093217083	9.702171139125	9.406116996125	9.19337052733333	8.91110357825	8.75768761775	8.663375470875	8.330433968875	8.03824529183333
2013-06-21	21.6770826270833	21.5252808379167	21.5061132291667	21.5905851	21.6066649004167	21.3851839691667	21.0303861825	20.5310720333333	18.4113538129167	17.0521271175	15.9961995045833	15.12612864875	13.9794424425	12.6519944675	11.4879112516667	10.6258658193333	10.0558021425	9.615818620125	9.19280532004167	8.94921680783333	8.83551000470833	8.491418667625	8.198697033875
2013-06-22	21.8687874691667	21.7541138183333	21.723646775	21.7277017404167	21.6695819216667	21.4145898070833	21.0162835458333	20.9300554379167	19.8606394779167	18.2036750404167	16.2730488458333	15.01607050375	13.4814602166667	12.08691242875	10.926174906875	10.06743185	9.613977519	9.22943255645833	8.871921641125	8.73077248116667	8.71661452445833	8.48458474579167	8.27031002820833
2013-06-23	21.7415284845833	21.664183145	21.6695574383333	21.7778813545833	21.8403155604167	21.6784718695833	21.40936699625	21.6628940670833	21.3311052258333	18.8996954954167	16.80568950125	15.2382078625	13.9727035075	12.7388513416667	11.57197234	10.4952405835833	9.96956567758333	9.54214889375	9.08120244820833	8.79912017416667	8.763771539625	8.52644397366667	8.35899011295833
2013-06-24	22.05067350875	21.9504612758333	21.95382412375	22.0571106391667	22.1095925133333	21.94968561625	21.66138547625	21.9439317329167	21.8304256125	19.88573249875	16.8172678908333	15.0078860645833	13.8012259883333	12.5258167375	11.4756530129167	10.5014269065833	10.0876986812917	9.66015901616667	9.11620820745833	8.83737629475	8.744637829625	8.48681685504167	8.30726847929167
2013-06-25	22.52875117625	22.3330805083333	22.22353260375	22.1672490579167	22.1902549429167	22.0222711875	21.7598090866667	22.0299405595833	21.8717582391667	19.4193368654167	16.75959804625	15.1961892658333	13.6837667133333	12.1803675841667	11.05925576875	10.3563269775417	9.999679849125	9.63702012695833	9.198138888875	8.94899199629167	8.8591726695	8.58627883704167	8.39616737291667
2013-06-26	23.1257265775	22.82699446875	22.6058521654167	22.4245036470833	22.3638040270833	22.1147645954167	21.8477035079167	22.11522857875	21.7616753775	18.8377967270833	16.9386956204167	15.48486970375	14.0951955041667	12.7184968220833	11.2755628525	10.3104070147083	9.893875353	9.60638735875	9.23703448695833	9.03576671375	8.95573340404167	8.66424187858333	8.43955873358333
2013-06-27	24.2137514120833	23.8826883245833	23.73634851625	23.5345431979167	23.4100483758333	22.89950670875	22.3845881579167	22.5046054620833	22.01910204875	20.0559382058333	17.8800355458333	16.480584275	14.8758195620833	12.9601519366667	11.4819865820833	10.3630144775417	9.802462453	9.53811746708333	9.21630579495833	9.05508886541667	8.94410357816667	8.646135004625	8.43690677966667
2013-06-28	23.7014119591667	23.734530485	23.7413965391667	23.8506488925	23.9207691866667	23.798340395	23.5352797779167	23.7921328870833	23.4894757533333	22.2845038841667	19.9600428441667	16.01517937875	14.23216219375	12.81699129	11.48489053625	10.5502102160833	10.0703190923333	9.81939842308333	9.46281741533333	9.2950805085	9.21119197270833	8.85329284366667	8.62035169491667
2013-06-29	23.2866340625	23.2716579570833	23.2829140770833	23.39121280625	23.4656765533333	23.34060557875	23.1023313316667	23.3928313329167	23.1078798258333	21.3356678441667	16.72772328	15.2646052254167	14.14219621	13.2299477395833	12.21158509875	10.9727838979583	10.279850635125	9.855565795625	9.45634016008333	9.26183592279167	9.18271174666667	8.80457685970833	8.52513371004167
2013-06-30	22.65425455875	22.6524449145833	22.657886065	22.7574000708333	22.8233193270833	22.68123893625	22.4261607820833	22.7090530841667	22.5577236341667	20.9067145720833	18.0452100979167	16.3537039779167	14.7558203858333	13.4558840616667	12.1547377591667	11.0315995754167	10.4187365818333	9.82185193029167	9.34416278254167	9.13841160545833	9.03526730225	8.70389689266667	8.47819632770833
2013-07-01	22.415417255	22.39148728875	22.3978764133333	22.52319103	22.58068597	22.4365792133333	22.1822697745833	22.48624435	22.4615497879167	21.5138890066667	18.0800677966667	16.041121115	14.487363935	12.9402788366667	11.3748977170833	10.472988112875	10.1460170671667	9.72612135116667	9.321575329625	9.13295433154167	8.99420456695833	8.65715736816667	8.45466548966667
2013-07-02	22.5424151370833	22.5434402070833	22.5388944208333	22.6597184545833	22.7095985170833	22.55294868125	22.28078837125	22.5518792375	22.4941355816667	21.6736491295833	18.21929107875	16.4663252116667	14.9049742225	13.28674058375	11.5958840625	10.5910522589583	10.319066854875	9.91953048475	9.50769974104167	9.24637146883333	9.04755602641667	8.70866466575	8.48991419483333
2013-07-03	22.35534322	22.3474326741667	22.3226315908333	22.40775682625	22.44696822125	22.2904589220833	22.0480027075	22.3546863225	22.3440326045833	22.0094556425	18.7218762945833	16.4189099575	14.9898970104167	13.0764866991667	11.51345680375	10.5048735888333	10.027717985375	9.68643561675	9.31505915958333	9.069268243875	8.932773893625	8.62450188316667	8.45400635591667
2013-07-04	22.98210675625	22.6536853816667	22.45311358375	22.3914752833333	22.33430426	22.10060075375	21.8340576745833	22.1059563325	22.0846054620833	21.9502728333333	19.9914907020833	16.55292725875	15.307297905	12.6628475741667	10.7330549670833	10.1796412433333	9.804666313625	9.55939559791667	9.1862442325	8.98458592279167	8.89204107816667	8.63152777770833	8.45190854529167
2013-07-05	22.7635068270833	22.6886390066667	22.69261217	22.7573951266667	22.7470169483333	22.3589693966667	22.02468938375	22.27626659625	22.18001365375	21.8478196795833	19.4455628533333	16.5448700558333	14.9307887241667	13.2839898775	11.4012077445833	10.3610476700417	9.98024258458333	9.67620044720833	9.29767755720833	9.05758580495833	8.94094927020833	8.649033074375	8.46275953379167
2013-07-06	23.0039059558333	22.9329398545833	22.9100814504167	22.9948199158333	23.0058186204167	22.774466455	22.4829729283333	22.77151447875	22.7357092754167	22.1755925141667	19.41830755625	16.4989225516667	14.8273188558333	12.8675494341667	11.13201659625	10.2886846750833	9.948555790875	9.59930967508333	9.20806308854167	9.014123823	8.98673104983333	8.69613724104167	8.46541407716667
2013-07-07	23.8676170608333	23.73374164375	23.69811782	23.7373156775	23.7094759875	23.3081931508333	22.8630752129167	22.93585816875	22.77921776125	21.9647318245833	19.2273734691667	16.29074329125	14.6075699154167	12.82438441625	11.0583329804167	10.26284039625	9.91762735333333	9.54518185025	9.12558753408333	8.97895645008333	8.98914077216667	8.73497822508333	8.49348458091667
2013-07-08	24.83364630375	24.66812959125	24.4637424666667	24.4209503295833	24.3234845795833	23.7685981633333	23.2003077904167	23.40796680875	23.213850165	22.1675218925	19.3604166666667	16.5036806729167	14.4889491520833	12.8703318025	11.2300447270833	10.2413405141667	9.86288582845833	9.5756109935	9.16945386066667	8.99757297554167	9.00029296145833	8.74428307445833	8.541884180875
2013-07-09	25.42313112	25.3077039783333	25.26259545625	25.2230130658333	24.8127910779167	24.0312345808333	23.43750635625	23.4306098166667	22.9848547545833	21.8566312391667	19.4965814504167	16.0035747420833	14.4345195391667	12.8595739175	11.52690030625	10.48273575875	10.1038113225	9.750749294	9.34481285316667	9.124160193	9.084737994375	8.79545503770833	8.59386205270833
2013-07-10	24.9630238941667	24.8887813083333	24.8845885116667	24.9838442791667	25.037200565	24.8795103579167	24.4291973870833	24.6062964920833	24.2158439275	22.1809010125	20.1548995995833	16.8416487754167	14.38095409625	12.7109686916667	11.5063448683333	10.6397661253333	10.2444280845833	9.82839300804167	9.3720148305	9.08548575795833	8.992526836125	8.71786287670833	8.49625564966667
2013-07-11	25.5089858666667	25.028707745	24.7921790254167	24.7739121929167	24.79145162375	24.6647764820833	24.3512263416667	24.6446809075	24.4257150425	21.9176969166667	18.95241760875	16.1103222691667	14.1363362758333	12.7749060729167	11.6049705754167	10.674021305	10.286327212875	9.90220022816667	9.387699388	9.05112099816667	8.97981414783333	8.712831214625	8.4945721515
2013-07-12	25.3752503529167	25.3581714920833	25.2505056504167	25.211449035	25.0149998820833	24.6987045679167	24.2889167845833	24.4117322275	22.96786982125	21.24555779125	19.0259364404167	16.8101556029167	14.53610652	13.1049227875	11.9192913129167	10.81675718	10.249022363125	9.81914194920833	9.32117156141667	9.01707733058333	8.936464571625	8.65251235879167	8.45204237291667
2013-07-13	24.75046021625	24.7450931033333	24.6954066604167	24.7260357808333	24.6890330729167	24.3056398308333	23.9419086629167	24.0177823679167	22.9737578866667	21.24081391125	19.5430484929167	16.6287148079167	14.20727401125	12.80145951125	11.6273294479167	10.6085469633333	10.14134463375	9.73658910083333	9.23670609695833	8.96668938320833	8.88691537204167	8.629389242	8.47963665258333
2013-07-14	24.7230386070833	24.6359233758333	24.5911890304167	24.6094858754167	24.6006479508333	24.2732397604167	23.8377411733333	24.0646022833333	23.3814358529167	21.2878746433333	19.31952636625	16.6508858291667	14.5489385591667	12.9195441383333	11.814018245	10.7244014841667	10.2110675607083	9.83970256608333	9.362318032	9.07297704808333	9.010515889875	8.70863418075	8.51105908675
2013-07-15	25.7816897158333	25.45806944375	25.32587829625	25.2781266479167	25.09444232625	24.7141333575	24.214925965	24.196627825	23.6226586633333	21.5336011391667	19.7888252125	16.8070293070833	14.3565799195833	12.7807716579167	11.7379096041667	10.5116913843333	9.966524246625	9.61678048504167	9.20999865316667	9.002175376625	8.95965336616667	8.68316619591667	8.52064618641667
2013-07-16	26.48447045625	26.3590284829167	26.1301770241667	25.93534969375	25.6505849808333	25.0074214925	24.4908088508333	24.4346886770833	23.5087305779167	21.4761929145833	19.6694519775	16.7338435741667	14.69730944	12.9947388191667	11.9282215158333	10.679708805	10.0343817088333	9.63108615820833	9.23445409608333	9.0230758005	8.98115383716667	8.7049270245	8.52190336625
2013-07-17	28.04223305125	27.86902389375	27.74062547	27.6984958804167	27.46970115375	26.6931519545833	25.0542442325	24.5315117695833	23.7465550845833	21.8281443025	18.6439146658333	16.6520597929167	14.78067525875	12.9471268833333	11.5914762233333	10.4844907024583	9.97962676441667	9.59645486704167	9.17014736333333	8.97998411016667	8.97981669666667	8.70098046145833	8.51396516008333
2013-07-18	28.3093747654167	28.28079519625	28.2790230704167	28.3767929620833	28.32201200625	27.6280641483333	25.92859816375	24.7927007991667	23.264226695	21.4034266716667	19.63853201375	17.2642656545833	15.0193216804167	13.1524287904167	11.7359772829167	10.6305873341667	10.0428935974583	9.653910546125	9.19221669008333	8.97435181270833	8.95150647366667	8.67899129008333	8.508959392625
2013-07-19	27.69572148	27.6668689970833	27.6897974341667	27.8039353804167	27.75973481625	27.6342748345833	27.28149270375	27.2946927975	24.9174219633333	22.2276448920833	19.6840151841667	16.8626165254167	14.79074752875	12.87889136	11.5855031783333	10.4829620985	10.0062102163333	9.66625647379167	9.265203272125	9.07673493416667	9.07915124770833	8.80052989641667	8.61153790020833
2013-07-20	27.3896820420833	27.4528534608333	27.4679885825	27.5512130420833	27.5271076979167	27.3123988933333	27.02920138875	26.8261806733333	25.0982191625	21.668193855	19.25265160125	16.4961101704167	14.1924702216667	12.6949369116667	11.80220445	10.9370612045833	10.4703445145833	9.97014347945833	9.41964724575	9.168508474625	9.15486346516667	8.841859581	8.633334392625
2013-07-21	26.7805274170833	26.77590066	26.8121169966667	26.9096718458333	26.9595549833333	26.603522245	26.0168385120833	24.8926802029167	22.8367401133333	21.6800881029167	19.4241014591667	16.3860413141667	14.7357589445833	13.2205415525	11.79295892125	10.7076466570833	10.3883300382083	9.80472657725	9.25652993145833	9.021903248625	9.012940207125	8.72355190683333	8.52222810733333
2013-07-22	25.65196199375	25.6684843445833	25.6011683145833	25.6667179841667	25.6655326041667	25.3275865108333	25.0824426791667	25.2825821558333	24.6921503058333	21.9717790733333	19.4810467279167	16.6120021191667	14.74927095125	13.0088067316667	11.6799722220833	10.5886996242917	10.2658014363333	9.90255626175	9.46001718445833	9.168706450125	9.09792302258333	8.77733792366667	8.59333780608333
2013-07-23	25.2369652779167	25.2700916895833	25.25602754125	25.3731772595833	25.442835335	25.2042934329167	25.0229289083333	25.258165255	25.14499034875	24.8894716329167	21.1274848166667	17.21234180875	14.8486604279167	13.5338212091667	12.29650129375	11.00855331925	10.4813579330833	9.99529872879167	9.42658521645833	9.08346327679167	9.00954672779167	8.72795574383333	8.564484816375
2013-07-24	25.299047435	25.2578352166667	25.03178130875	25.0322879008333	25.058844045	24.91977271625	24.6290641475	24.9298468691667	24.7297331675	22.67419409125	19.4312239875	16.64632050375	14.8978926566667	13.1422235166667	11.9432354045833	11.0558369808333	10.6154761066667	9.827606874125	9.22945739170833	9.06082391708333	9.04732744820833	8.74783168541667	8.540531191125
2013-07-25	24.8802311683333	24.9332068033333	24.8808110870833	24.9213205033333	24.93343549875	24.7688205033333	24.3992757770833	24.6504629241667	24.5215021179167	23.9496264125	20.6353262716667	16.9008481633333	14.1749191391667	12.75294362	11.5411189975	10.72100729875	10.2646441850417	9.66509110170833	9.19022010366667	8.99688559325	9.00486205270833	8.73954460925	8.56858898291667
2013-07-26	24.2864231404167	24.29099635125	24.2914928195833	24.4107981404167	24.4755151833333	24.3443715866667	24.0982269304167	24.4170523779167	24.3440462570833	23.7289765775	21.20837594125	17.4055233041667	14.7871139358333	12.8349872870833	11.6731875	10.6634612754167	10.3277976690833	9.898044138625	9.43400459033333	9.14552377583333	9.08442314033333	8.76594938791667	8.60127966104167
2013-07-27	23.3348280366667	23.48488112125	23.4958342745833	23.6124360883333	23.6834723395833	23.5496890304167	23.3237244583333	23.6532442325	23.627734345	23.549039195	23.1417057441667	19.6934619816667	14.984312735	13.0035040016667	11.8803802966667	10.7995147116667	10.3850730942917	9.935905838375	9.387429260875	9.10827059795833	9.07721468920833	8.78469467979167	8.59334345566667
2013-07-28	22.2522082158333	22.3964742241667	22.4028890066667	22.543110405	22.5987288129167	22.4440533179167	22.2153418079167	22.5469450325	22.5247403479167	22.4305111695833	22.438525425	22.3254116058333	14.8011863229167	12.9006822041667	11.9402729516667	10.8852611816667	10.3225054144167	9.70756756129167	9.22917172791667	9.05784498591667	9.071075918125	8.78518373354167	8.61745185975
2013-07-29	22.7199397925	22.0381446566667	21.9347609466667	21.9980000004167	22.0309968233333	21.865596045	21.6279723404167	21.96764300875	21.9457841329167	21.8422193975	21.85167573	20.2998689979167	14.0655068275	12.66440760375	11.8549881125	10.8886198204167	10.3881716104583	9.788299317	9.2495951035	9.0548142655	9.06871998591667	8.79556932679167	8.62323069679167
2013-07-31	22.2164768129167	21.93859757625	21.75784298375	21.8162969629167	21.8323361583333	21.62497457625	21.3537222208333	21.6614688091667	21.5911858520833	21.46380025875	21.2120057666667	18.1905341341667	15.03605261375	12.9043281533333	12.0274047783333	10.93657415375	10.4390759169583	9.919411016875	9.35468997170833	9.08212017416667	9.07297257533333	8.78076671383333	8.577096633625
2013-08-01	21.9364585691667	21.9337549425	21.9359246708333	22.0622856629167	22.11053825375	21.9388761775	21.6784910545833	21.9694207854167	21.9091691375	21.7538591095833	21.5477449395833	20.1180481383333	15.21568032125	12.6906503058333	11.6703874758333	10.8304219633333	10.3787723632083	9.83674835233333	9.30290195383333	9.074520009375	9.07262241058333	8.77536629004167	8.59074423254167
2013-08-02	22.3658991725	22.34917324625	22.3294571283333	22.4384548929167	22.4660724791667	22.24912233	21.974382205	22.2602188220833	22.1921583779167	22.0572890608333	21.9291164941667	18.1715285566667	13.9518789766667	12.4416742316667	11.78347173875	11.0092285716667	10.5229271544583	9.94244601466667	9.49950040579167	9.24721783079167	9.1839337645	8.87420070125	8.68661294475
2013-08-03	22.5305746720833	22.4640205979167	22.42109110125	22.5102744820833	22.5197422320833	22.2809692804167	21.99422587125	22.2827943741667	22.2216119358333	22.0986025233333	22.0315587341667	17.9486945620833	14.3196118170833	12.7841824395833	11.9972711858333	11.2177737754167	10.8164805791667	10.3626984470833	9.71138942066667	9.41529084270833	9.26102424666667	8.8587351695	8.62899635120833
2013-08-04	23.1016054620833	22.6378113225	22.44733168625	22.4603106170833	22.4640042379167	22.2394037191667	21.9102981404167	22.140872175	22.05335346125	21.9380935733333	21.9176721991667	18.6346785545833	14.6702156304167	12.5331926775	11.5230133004167	10.64962088	10.2600390775833	9.82072163395833	9.36289241995833	9.18528637	9.15223257995833	8.78952165733333	8.60154413829167
2013-08-05	22.35332944875	22.3265344870833	22.3127788375	22.41462311625	22.44089089	22.2181925616667	21.8999473866667	22.0872031541667	21.9937455266667	21.8661292370833	21.2731764358333	18.35581920875	15.2821290025	12.1010399008333	11.1658674675	10.453603342625	10.1075040021667	9.76560404883333	9.37085393133333	9.17582238704167	9.16915077683333	8.83956344170833	8.64533815908333
2013-08-06	22.5722412570833	22.4498620533333	22.3808436908333	22.3823775908333	22.2570563795833	21.9844241995833	21.7365256591667	22.0632085679167	22.0379524479167	21.9100722904167	20.9978561675	18.2218301554167	15.3093799420833	12.79757332875	11.4921527791667	10.5151767894583	10.103117348875	9.72072928441667	9.34216596045833	9.17026518358333	9.15863312158333	8.82280037654167	8.62314477404167
2013-08-07	23.2241197033333	23.1407491758333	23.1130630895833	23.1501466575	23.0861581925	22.6342006820833	22.2186576033333	22.4547574158333	22.3581138183333	22.1572370525	21.1421286491667	18.4110978104167	15.4029650425	12.9886484233333	11.5727429383333	10.6386153494583	10.2244982333333	9.724432909625	9.33664383241667	9.17581450108333	9.167293079125	8.814492820125	8.59677919020833
2013-08-08	23.8673532258333	23.4267843691667	23.2682185729167	23.296587805	23.3181574854167	23.1011165258333	22.8095439020833	22.96836099375	22.5569205508333	21.7640409608333	20.64892431625	18.2526910308333	15.4080550841667	13.3134219625	12.04969279625	10.63190090275	10.1228368643333	9.73844515070833	9.39766407716667	9.27405096520833	9.23571080520833	8.880337335125	8.65640419025
2013-08-09	23.1692182204167	23.1491560720833	23.1358897129167	23.20255449625	23.1983514595833	23.0019912891667	22.7284814029167	22.9520686204167	22.5871510120833	21.8581301795833	20.6600250708333	18.82581038125	15.94211699625	13.5859276125	12.082141125	10.6064165977917	10.097015889625	9.753261534625	9.39238159533333	9.235915489625	9.19980732104167	8.862574623375	8.64420068266667
2013-08-10	23.2297634166667	23.2425114170833	23.2092901370833	23.2593068495833	23.25870256625	22.9822276370833	22.7076365354167	23.00368267375	22.9217076466667	22.6755421333333	21.3785982816667	18.34948787625	15.1928591104167	13.0824962333333	11.3997372879167	10.3919626880417	10.0545667370833	9.73305614404167	9.37634196204167	9.19586570145833	9.17588288604167	8.84289936433333	8.63869785770833
2013-08-11	23.1492977870833	23.1890084741667	23.1921383004167	23.3045462570833	23.3456784366667	23.1234895245833	22.6821093458333	22.9166454804167	22.8069954083333	22.16247268125	20.6254586858333	18.34517154875	15.5215568508333	13.24359475	11.97906038125	10.85724341	10.3599411483333	9.880030955875	9.4627581215	9.21932803666667	9.204781191125	8.866666784375	8.63648940679167
2013-08-12	23.34406932625	23.26208121375	23.1489151366667	23.1636114641667	23.1940364879167	23.0073930091667	22.7349317329167	23.0274922316667	22.9567383483333	22.2326962091667	20.4427823675	18.75198152125	15.6238970108333	12.8335171841667	11.7291191141667	10.74246186375	10.279970339125	9.81474423258333	9.41876694916667	9.200684675125	9.16768561675	8.81169691608333	8.59913724104167
2013-08-13	22.8611270020833	22.88440006875	22.8863621708333	23.0058243866667	23.0598274491667	22.90418090875	22.6721217041667	22.9919907008333	22.8289894079167	21.5153089691667	20.5039047795833	19.1011458329167	15.9154290254167	13.1365311920833	11.833022245	10.8159245522083	10.3635274251667	9.905665960375	9.45628754716667	9.225718102625	9.19037841341667	8.83859616291667	8.63515160083333
2013-08-14	23.14909251375	22.80685840375	22.661563795	22.66632992	22.6408712333333	22.3882184558333	22.1171588975	22.4293865341667	22.3768888883333	21.9670235408333	20.6515141241667	18.9761425379167	15.6871372408333	13.0581883225	11.6553073216667	10.6838857116667	10.2945574382083	9.81282532920833	9.39795880408333	9.21330779183333	9.182397481125	8.821751647875	8.61048363933333
2013-08-15	22.9161540433333	22.8538024945833	22.6972262245833	22.6988215633333	22.67019821	22.4031843220833	22.0563004941667	22.3319803441667	22.26570715625	22.13571162875	21.0835395479167	19.0285344875	15.8375311904167	13.2778459275	11.8301028716667	10.78994832875	10.3159668079167	9.88044197241667	9.460564500875	9.25177236341667	9.20747716566667	8.829640183625	8.59285298970833
2013-08-16	23.4364227866667	23.0311571320833	22.7401265291667	22.7859599816667	22.7826962095833	22.5520082391667	22.24112606	22.4771074620833	22.3466810266667	22.1736386533333	21.0068702920833	19.0536368879167	15.6706011066667	13.1849158420833	11.8019657495833	10.6816867933333	10.1826638415	9.792268125875	9.38895739175	9.205574388	9.17894632766667	8.80754213745833	8.58794585675
2013-08-17	23.7548648783333	23.6580528491667	23.4255466104167	23.1852598870833	23.0130088270833	22.59293514625	22.1534282025	22.3494887004167	22.2472414079167	21.7187223395833	20.4939124295833	18.5381497175	16.1085083575	13.51890230625	11.6363680558333	10.3839043079167	10.0348913604167	9.726307792	9.34463476941667	9.16123175620833	9.16417761291667	8.83045303670833	8.61135216558333
2013-08-18	23.14312110375	23.0612775425	22.946607815	22.86204355	22.7864843466667	22.4648830041667	22.1553726458333	22.4013088508333	22.2099299670833	21.6063770016667	20.5224546841667	18.61846928	16.3496414791667	13.6985093633333	11.65648705375	10.3500262464167	10.0138230931667	9.701009887	9.34830340854167	9.1959171375	9.19843079091667	8.86675011766667	8.62686075795833
2013-08-19	23.18104578625	23.13112970875	23.0731496	23.1458578158333	23.1327323445833	22.7946891470833	22.4070463741667	22.6105071795833	22.44617161	21.9941644754167	20.943731285	19.4523106154167	16.06401859625	13.6208006125	11.7283511066667	10.43530426075	10.004504824875	9.73623140295833	9.406681614875	9.22318314508333	9.20872822508333	8.858525306125	8.65762535304167
2013-08-20	23.4943397291667	23.4470856875	23.4455377829167	23.5650102404167	23.61122952	23.4442356404167	23.1117362283333	23.1690461391667	22.8468891241667	22.06828154375	20.8895108283333	18.768811675	15.4444470333333	13.5362990804167	12.0712594170833	10.7466978579167	10.278023423125	9.91955732166667	9.52925753316667	9.30814489170833	9.2825195385	8.92309439733333	8.72077754233333
2013-08-21	23.5797894308333	23.5079266704167	23.5028534604167	23.6218780604167	23.67301212375	23.5252401133333	23.27485711	23.5547942558333	23.2901285304167	22.47176039	21.1206698445833	18.1608707629167	15.8038910083333	13.7471267645833	12.408246235	11.0629181959583	10.4337665952917	9.94682556533333	9.50959875225	9.29639559783333	9.20826118166667	8.83923034370833	8.62633486345833
2013-08-22	23.6927181033333	23.6092518829167	23.5958668779167	23.7024768125	23.73703307375	23.5737078620833	23.3101114645833	23.6111487754167	23.52781344125	22.7567578858333	21.5220322508333	19.0672358758333	16.5399447979167	14.2667042133333	12.6080331925	11.1669941144583	10.535073917	10.0610138887083	9.62345091804167	9.385733051	9.32951824395833	8.94485557908333	8.72183886545833
2013-08-23	23.66484369125	23.60169232625	23.5722803675	23.6469409129167	23.6463481641667	23.39069385625	23.0952511775	23.3902874295833	23.3107609454167	22.4782112766667	20.6347623579167	18.7520136520833	16.1473233283333	13.21934522125	12.0688129704167	10.9704528006667	10.4778655846667	10.0261712574167	9.56877201025	9.318104284375	9.27243165941667	8.89005226	8.664975047
2013-08-24	23.35237829625	23.3340898070833	23.3237424666667	23.4180210695833	23.4462149329167	23.2065289554167	22.8826012245833	23.1461977404167	23.08184675125	22.6113070854167	20.4018855933333	18.6432224575	16.70449752875	13.7209387954167	12.2732414079167	11.134742585	10.5742624758333	10.0617363467917	9.613817325875	9.341296727875	9.2628526365	8.87060040029167	8.63429284370833
2013-08-25	23.4103635829167	23.3459686904167	23.3481706691667	23.4571217045833	23.50620127125	23.3370759175	23.0503265070833	23.2764463275	23.0740447270833	22.8027860175	21.5582674208333	19.0620397829167	16.8860595566667	13.8004526829167	12.2486468929167	10.93532556375	10.5771564258333	10.1657295192917	9.66450470845833	9.34645762720833	9.302270244875	8.93321245291667	8.71350482579167
2013-08-26	24.33742961375	24.2240687379167	24.1691397125	24.2284595104167	24.2250680320833	23.9499728108333	23.5833295670833	23.7781734929167	23.4664726933333	22.67980225875	21.5587769533333	19.3096451270833	16.1882738941667	13.8283820620833	12.20848328625	10.975093455	10.5282275183333	10.051274165125	9.589951742	9.37511558370833	9.35546680791667	8.99495209520833	8.76285969858333
2013-08-27	24.7003220379167	24.55885981625	24.5459339691667	24.66037288125	24.6951596041667	24.5253123816667	24.1398480479167	24.2913764133333	23.7165668716667	22.98297951875	21.8537551791667	20.0248625233333	17.1680035320833	14.461019185	12.6604153720833	11.4609349116667	10.9090911020833	10.2823263879583	9.717439265	9.4267331685	9.37681932675	8.9897189265	8.76083545195833
2013-08-28	25.3069205516667	25.1517113933333	25.1055819204167	25.1842465866667	25.1711827920833	24.9232189266667	24.4263576975	24.4434537425	23.79023552375	22.9056034604167	21.3950762704167	19.00830426125	16.6839209033333	14.08438159125	12.2615873354167	10.9790238945833	10.48072422275	10.0311525428333	9.6292541195	9.41538076741667	9.41990630895833	9.08396869116667	8.90613054416667
2013-08-29	25.2187858995833	25.1929679845833	25.1463711154167	25.2337908425	25.2407232808333	24.98692726	24.5420177733333	24.2760189495833	23.25352977875	22.5604236108333	21.46499670375	19.85219927	17.03953260375	14.5918882995833	12.45627424625	11.04584675125	10.4777844866667	9.965560499375	9.55633356875	9.37649129008333	9.38350164779167	9.01377436429167	8.79863088525
2013-08-30	25.57066337125	25.5077598870833	25.4429630425	25.5285127120833	25.5288940679167	25.1909173729167	24.789837335	24.7968986579167	23.75608957125	22.6983815916667	21.8571612525	19.7002651829167	16.4676680791667	14.33006508875	12.4071836158333	10.9747069204167	10.4989111345833	10.0977975893333	9.71484120716667	9.499771304125	9.486593338	9.12891042841667	8.918496822
2013-08-31	25.8385482170833	25.7520124766667	25.6405841566667	25.6499736341667	25.6678339216667	25.3726610166667	25.18742667125	24.79234510375	23.4078980695833	22.42162279875	21.0149604525	19.2650938083333	16.3866543083333	14.3704611575	12.7713613470833	11.3486525425	10.7072769533333	10.2019336156667	9.793459343625	9.552455390875	9.51912770716667	9.11957627120833	8.92583545195833
2013-09-01	25.4494409958333	25.45915725	25.3968984225	25.4916658433333	25.49171998625	25.1750348391667	24.93204001875	25.1419716341667	24.3250874529167	23.04325576875	21.6439768120833	19.8152417033333	17.1239074866667	14.5005748583333	12.5415819204167	10.91239583375	10.52605579	10.0561819677083	9.63356779658333	9.40556732579167	9.38231426545833	9.027990113	8.85216902075
2013-09-02	24.7602384654167	24.8134400891667	24.8114902295833	24.93881179375	24.9990907483333	24.9120943979167	24.6342750695833	24.957639005	24.8742322270833	24.68690171875	22.71018079125	19.0651484225	16.46965183625	14.2460976929167	12.80266654875	11.4283932433333	10.7257019770833	10.2120374287917	9.69830025916667	9.46506720808333	9.43796551325	9.08456144066667	8.93393326270833
2013-09-03	23.9886651370833	24.0507883716667	24.0254891704167	24.129774365	24.16795386	24.0068214458333	23.7100230704167	23.9645097695833	23.88163041375	23.7163761770833	22.52539089	19.33997693125	16.5744826983333	14.3611570754167	12.8539995291667	11.5833492229167	10.8027006829167	10.24108392225	9.64140583808333	9.37176000479167	9.36842572975	9.03693761770833	8.85357662425
2013-09-04	23.7665049920833	23.80361829	23.7961073454167	23.9027242229167	23.9347544725	23.7599895241667	23.4745512008333	23.7639299670833	23.7003664083333	23.5297809545833	22.88629625625	19.93806026375	16.5199929383333	13.9142913145833	12.7260448441667	11.2658097929167	10.7257447029167	10.1919416194167	9.63617599354167	9.39697139833333	9.37792290491667	9.01583615825	8.805458804125
2013-09-05	23.9633100125	23.8869923495833	23.87395080125	23.9782432920833	23.9933660541667	23.79239995375	23.4727256358333	23.719144775	23.6096845570833	23.1157387004167	21.455866055	18.3931299429167	16.2704790491667	14.2093180325	12.8024466816667	11.2206192325	10.7000932208333	10.2078625232083	9.72448564029167	9.45540913375	9.46503968604167	9.071987876625	8.86843891241667
2013-09-06	23.45229660875	23.4481348870833	23.4382009191667	23.53670703875	23.5709083095833	23.3827447025	23.0795309554167	23.3649056020833	23.3199404425	23.038530055	21.8231147608333	18.9457831925	16.8949774008333	14.7708893608333	13.0197176329167	11.3753067325	10.7378227404167	10.1464493879583	9.60758156779167	9.401980108375	9.40983392183333	9.05922940208333	8.86813429845833
2013-09-07	23.8413263891667	23.72067490625	23.6565903970833	23.7249917608333	23.7304753995833	23.5314799904167	23.22600353125	23.4790145945833	23.3855882775	22.86723622875	21.8493315679167	20.14174435	17.3402917841667	14.4702050375	12.6592934316667	11.2700321320833	10.62709816375	10.1113060259167	9.62562405820833	9.43038465154167	9.461681614875	9.08789465633333	8.90244456220833
2013-09-08	23.5568694679167	23.44056909125	23.4190390775	23.47981791375	23.49295033	23.30965407375	23.03151777375	23.3254243170833	23.2540595575	23.01036016875	21.8006496	18.3407294020833	16.1676718458333	14.1544061904167	12.9896871466667	11.6261059316667	11.0869088970833	10.5584014837917	10.009162429	9.5904262005	9.62000306020833	9.229931261625	9.00175918079167
2013-09-09	23.18449847	23.0734983520833	23.0339952925	23.1216291191667	23.0902697733333	22.85202048	22.5687146904167	22.87577248125	22.81009639875	22.6922867241667	22.2491124058333	19.9888139120833	16.5995357808333	14.9365756820833	13.75628248625	11.5252362283333	10.75827165625	10.2946305312917	9.81057021166667	9.53705743908333	9.54869738708333	9.14610016466667	8.9163043785
2013-09-10	23.4348398083333	23.3520524966667	23.3556885591667	23.4774329091667	23.5278352179167	23.3896125233333	23.12625976875	23.4338622883333	23.3924265525	23.2138853583333	22.889376295	21.7197381116667	18.6748834745833	15.3214598275	13.1666034604167	11.379661135	10.694114525	10.2398798258333	9.76024023075	9.50822351695833	9.55278766479167	9.15624599816667	8.94007274004167
2013-09-11	23.5855078541667	23.5240177725	23.4984639829167	23.6123540491667	23.6495954570833	23.4881804379167	23.2108717054167	23.5174383245833	23.4909002733333	23.361557675	23.2203392191667	20.8424306733333	17.3988729983333	14.8292505883333	12.7422145708333	11.43472751875	10.8858967745833	10.3706206458333	9.92318973666667	9.64052401125	9.692915842625	9.26863559320833	9.04627401120833
2013-09-12	23.5526710225	23.5964123116667	23.6026298254167	23.72916961	23.7809968216667	23.61762806	23.3170022366667	23.6071351225	23.5909153725	23.4003075566667	23.21276436	22.00804613875	18.6759529179167	14.8234509179167	12.9854670429167	11.5681737295833	10.8908947745833	10.3836304130417	9.85507497658333	9.52249929379167	9.61106014583333	9.224065089375	9.00131932670833
2013-09-13	22.7860912191667	22.8601325341667	22.8627156316667	22.9950256595833	23.0346318666667	22.8839292608333	22.6230959275	22.9494548016667	22.9040615579167	22.8044929216667	22.7976567791667	22.52998516875	16.75284510375	13.9314979995833	12.3167372883333	11.02453954875	10.5782906075	10.1967084499167	9.80092431295833	9.55058992470833	9.63925129479167	9.24147257533333	9.01982226933333
2013-09-14	22.1094373820833	22.2157770716667	22.2193538141667	22.3513977154167	22.3920136533333	22.2195936908333	21.9559703391667	22.274340865	22.222915725	22.1134685733333	22.0680141233333	21.2704342041667	17.2448023775	14.6104097233333	12.7504729275	11.2626315908333	10.850918315	10.384610758125	9.985193973625	9.6590942795	9.70427942558333	9.29192596516667	9.07321739645833
2013-09-15	21.5298831216667	21.6217223395833	21.6317923729167	21.7702550616667	21.8205307204167	21.6697272825	21.4475828625	21.79985840375	21.76098069625	21.6524602175	21.67165313125	21.5449817554167	17.59717396375	14.19560063625	12.0630981629167	10.8556391229167	10.5250424904167	10.1928654663333	9.82664395404167	9.58191078154167	9.70596880883333	9.29764559795833	9.034315913375
2013-09-16	21.027888365	21.0151166420833	21.0145457870833	21.1398041433333	21.1749433858333	20.9792837808333	20.7067768358333	21.0663485170833	21.0108481629167	20.9666739641667	20.95705685	20.67035546125	17.830284605	14.9128747658333	12.90690607375	11.4540743883333	11.0135868620833	10.5066548965833	10.0181093452917	9.70029955283333	9.806450565	9.35114277304167	9.089895244875
2013-09-17	20.3461233525	20.3754504475	20.3769911725	20.51660522625	20.5662239883333	20.42451671375	20.13937617625	20.5368787675	20.4825281308333	20.4485733275	20.4273505179167	20.3034985875	18.02033604	14.6543672320833	12.6852031541667	11.3725833329167	10.8150787420833	10.3997757775	9.95156426566667	9.68629402066667	9.72453189733333	9.29470244820833	9.060281308875
2013-09-18	20.25873964125	20.21243618125	20.2190409241667	20.347303615	20.3984298658333	20.24501828	19.9863321566667	20.3377230458333	20.26538488625	20.2119402441667	20.1963371116667	20.1470957245833	17.7672430316667	14.7092907241667	12.6638009645833	11.2061197033333	10.69501235875	10.2939014265417	9.950098841875	9.63450731366667	9.70255242629167	9.201648305125	8.949630296625
2013-09-19	20.5006698445833	20.363621705	20.36027307	20.4981388883333	20.54341443125	20.385788725	20.0776539545833	20.4685541425	20.3875231870833	20.3180694441667	20.2787068029167	20.2064033675	18.075982815	14.7750233045833	12.88221398375	11.5185967516667	10.7989058379167	10.3407860166667	10.0075991059167	9.72806485391667	9.71005720329167	9.24564159604167	9.00082415258333
2013-09-20	20.4407753058333	20.3765082404167	20.371498705	20.5214179620833	20.5723473395833	20.41883239125	20.11763771125	20.5404812858333	20.4853359225	20.44671457125	20.4206417133333	20.4016740820833	19.9677354066667	18.0515270716667	14.7750088270833	12.35214548125	11.3857590633333	10.8293445145833	10.1929513901667	9.79340607341667	9.77863924225	9.293907838875	9.05726636079167
2013-09-21	19.8851042604167	19.9695407254167	19.9824016008333	20.1094895254167	20.16967631875	20.0128334504167	19.8244376183333	20.1478367454167	20.0871686679167	20.0554169025	20.0633791191667	20.1026992704167	20.1150194204167	19.70171751375	15.14540630875	11.7602747179167	11.1614181975	10.48603825375	10.0327039784167	9.6660061205	9.68210216566667	9.23466290025	8.98750753291667
2013-09-22	19.8120854529167	19.7069484470833	19.6208269770833	19.6903648770833	19.7050981645833	19.5241627829167	19.305043315	19.6401022833333	19.56959016	19.5178258008333	19.5423228579167	19.5723677025	19.5751836158333	18.00432956625	12.92624070125	11.4840941416667	10.9924709279167	10.45460958	10.0487861347083	9.696559439375	9.71118455741667	9.27089536245833	9.05764230225
2013-09-23	19.3580447266667	19.3276898545833	19.3160231875	19.4438913608333	19.481260475	19.2878200329167	19.0082291666667	19.34887876625	19.2762007995833	19.1801856154167	19.2352231641667	19.264241055	19.2341997404167	16.6687632995833	13.2357890770833	11.7625853329167	11.10414759875	10.5193221525	10.0937746005833	9.729378413625	9.73372634170833	9.27570315454167	9.0385697975
2013-09-24	19.1809273120833	19.1262368175	19.0915290733333	19.2281651358333	19.25676671375	19.05388312125	18.7366128770833	19.1081496008333	19.04944479875	18.87072893125	18.9860916895833	19.0020938091667	18.9593848866667	17.2248860641667	13.5287191625	11.7276252358333	11.13009263125	10.5996146429167	10.016361818375	9.68670856870833	9.689378648875	9.26889171375	9.004679025375
2013-09-25	19.2105603808333	19.1253321575	19.0321390058333	19.0927999066667	19.0761548970833	18.8628938325	18.4959809325	18.9507496470833	18.8827887241667	18.7095318966667	18.8246490104167	18.84259298625	18.7960922791667	17.67231155875	14.1227037429167	12.0892447033333	11.27530061125	10.5768648779167	9.96445703816667	9.569901483125	9.598064265625	9.22846068741667	9.042449505625
2013-09-26	18.839888065	18.8059970570833	18.8049713995833	18.9112896654167	18.93780296625	18.7276498358333	18.3596321804167	18.7596311204167	18.6893828858333	18.5998594633333	18.63600518	18.6705357816667	18.6777875479167	17.87975294375	14.3264579795833	12.0153310970833	11.2146405366667	10.52474917625	9.90372598845833	9.58695527316667	9.674725400125	9.26097151604167	9.08062676545833
2013-09-27	18.7568709983333	18.7026031070833	18.7074939975	18.8303691145833	18.8709896433333	18.7019064270833	18.3590497883333	18.7440173029167	18.6684783429167	18.5848946570833	18.6037198679167	18.6176597225	18.5899319675	17.7906220570833	14.3486661958333	12.04909957625	11.2042734245833	10.6375559091667	9.94700305975	9.59054296125	9.702301789125	9.3171683145	9.10926930325
2013-09-28	18.69745280125	18.6303289779167	18.669661605	18.77114842375	18.82050364875	18.6783433375	18.34962547	18.7937396425	18.7328748829167	18.6178492233333	18.6783293316667	18.6915483758333	18.65256061625	17.20877671875	13.66680602625	11.95252083375	11.19775423625	10.5436320625	9.95427224575	9.54197351695833	9.64701600754167	9.28723481633333	9.07462488225
2013-09-29	18.83093361625	18.7517696554167	18.64674388	18.6849695158333	18.6967689495833	18.5103635833333	18.2371392416667	18.58596186375	18.5263454575	18.5039249054167	18.4653389829167	18.4895519070833	18.4786062845833	18.3783454566667	16.48348764	13.2334197258333	11.8807601220833	11.0085058842083	10.3396557200417	9.91590984020833	9.97128660570833	9.52586817329167	9.29718926570833
2013-09-30	18.4648260179167	18.4864814029167	18.4981507775	18.6250512820833	18.6719377920833	18.5198083958333	18.2329625779167	18.5340040029167	18.45569821125	18.4660933375	18.3801003920833	18.4020851270833	18.3476682620833	18.0367150825	14.805395155	12.2824573908333	11.2764877583333	10.6275608520833	10.0538670453333	9.62392241379167	9.72377491229167	9.32260442645833	9.13704220241667
2013-10-01	18.4362111666667	18.3799634229167	18.3995923966667	18.5117185745833	18.5566488933333	18.4130289545833	18.1979523458333	18.4952017183333	18.4165977816667	18.4516488770833	18.3344910554167	18.3670224816667	18.34050588375	18.2742567329167	15.42712471625	12.6296849629167	11.4868676658333	10.709805645	10.126756356125	9.69424999983333	9.752654778375	9.3575937845	9.16862082758333
2013-10-02	18.81632321125	18.7349028958333	18.6994956458333	18.75336817375	18.6964992933333	18.4786771433333	18.23013983125	18.5639484475	18.5000521420833	18.49915772125	18.4369696325	18.4548582854167	18.353462335	17.8121507766667	15.18835299	12.403170905	11.2651321791667	10.6029152539167	9.99382085729167	9.655984816375	9.76757462358333	9.361808380375	9.14490995766667
2013-10-03	18.5995114170833	18.4981060495833	18.50979378375	18.6281892658333	18.6616533658333	18.46648081375	18.2240969866667	18.54230014125	18.4670769770833	18.4615520245833	18.3770902770833	18.4088363920833	18.3338389825	17.5199296141667	14.8530568504167	12.7062569445833	11.4040130645833	10.58396622	10.0210067082917	9.69221774945833	9.77737370529167	9.3643415725	9.182323917125
2013-10-04	18.6248695491667	18.4944014829167	18.5100245995833	18.6235714458333	18.67777142125	18.54004025375	18.2660743879167	18.63489347875	18.5446517191667	18.4836583095833	18.37907203375	18.35846339375	18.2835722695833	17.6443033195833	15.5404343216667	12.6577668316667	11.25504967	10.51829508	9.96512617670833	9.59859981166667	9.75598799433333	9.35778013183333	9.122054967
2013-10-05	18.61790772125	18.4870688566667	18.4893392191667	18.5988061445833	18.6449118408333	18.4817398770833	18.2418333329167	18.5810032966667	18.5333039070833	18.5041349641667	18.4814578625	18.4934571570833	18.43659887	17.57399764625	15.05498811125	12.80154602125	11.45811817375	10.6851858508333	10.1050649754583	9.74636523075	9.81312488233333	9.391930791	9.20523775891667
2013-10-06	18.2375887316667	18.2931497170833	18.311403485	18.4349814033333	18.4832515295833	18.3457269316667	18.1637401129167	18.45791313625	18.3917720095833	18.4378559329167	18.33461676	18.3678113245833	18.3288569920833	17.9509378529167	16.4600195379167	13.7543491041667	11.89320739125	10.9379701034583	10.224526718875	9.77569044270833	9.833405014375	9.380330626125	9.18142478808333
2013-10-07	17.79565030625	17.8649693975	17.8759754004167	18.0060516708333	18.0495541433333	17.9237176316667	17.7882862516667	18.0299870533333	17.9673732341667	18.0070730929167	17.9189958804167	17.9482750704167	17.9434322033333	17.9127059791667	17.8121374770833	15.1063608758333	12.3330562625	11.12404708125	10.40981247625	9.89275729745833	9.89066113475	9.46870386054167	9.26621904433333
2013-10-08	17.70314789875	17.7271618420833	17.7334565679167	17.8573228570833	17.89475647375	17.7539296145833	17.57656968	17.8462555308333	17.777584275	17.79220515625	17.72283604125	17.749995645	17.7423254466667	17.7175542608333	17.11021292375	12.9772175145833	11.3673036733333	10.75123211	10.016863229625	9.647989053625	9.81754590391667	9.416096398375	9.2071430085
2013-10-09	17.7281819679167	17.6963846525	17.69844585625	17.8248376879167	17.8626760825	17.7180023541667	17.5298174441667	17.7907052733333	17.71766276625	17.73602248125	17.6620781545833	17.6940273075	17.6925667379167	17.6307119825	16.25224235	12.54413641625	11.4805413129167	10.78798422875	10.09842396375	9.68060546145833	9.81918173266667	9.3946849105	9.17884757529167
2013-10-10	17.7002367	17.66994385625	17.6678627575	17.7809673954167	17.8073194808333	17.64431767875	17.4497479983333	17.7143243870833	17.6347621225	17.6376838033333	17.5646584275	17.5836732570833	17.5698487529167	17.5026127591667	16.0219635116667	12.69274799875	11.40793573375	10.8579677491667	10.2473121473333	9.77714724566667	9.85749435029167	9.39721139358333	9.16121468925
2013-10-11	17.5205995770833	17.4353859458333	17.4401976229167	17.5702271666667	17.6126680795833	17.47139724625	17.2844278479167	17.563800495	17.4793451041667	17.4771556016667	17.4199821091667	17.4509790483333	17.4307784833333	17.3717090395833	15.966616055	12.471754355	11.38658474625	10.77849164375	10.1810052965417	9.75496621941667	9.84552177483333	9.399989995375	9.16389442095833
2013-10-12	17.33788559375	17.264286605	17.27195244875	17.4006031083333	17.4468080279167	17.3171673733333	17.1271288845833	17.42679143	17.360812265	17.3609720758333	17.3104976454167	17.3492097466667	17.3285546145833	17.2768335679167	15.8573986579167	13.0774317325	12.1000524945833	11.33393561625	10.6171831455417	10.076453978	10.0392508238333	9.55439300841667	9.33636299433333
2013-10-13	16.97282886	17.0506629	17.0578245041667	17.1891930316667	17.239168785	17.0904424441667	16.8975716804167	17.2010770958333	17.12079578625	17.11485813125	17.0707807208333	17.1098957170833	17.0529606870833	17.0862108054167	17.1743388645833	16.005434205	13.0345649716667	11.3740663845833	10.5513234458333	10.02128036775	10.0343476926667	9.56232980220833	9.35738724095833
2013-10-14	16.8147031533333	16.8721892691667	16.87824172375	17.0000885366667	17.0513544508333	16.8996791429167	16.7095260091667	17.0196742008333	16.9467228104167	16.94459229125	16.90670054125	16.945445005	16.9014665545833	16.93231203	16.9486270004167	13.6687643591667	11.65530749125	10.7183380408333	10.1107075622083	9.79687485804167	9.90941149991667	9.44361475983333	9.19303990116667
2013-10-15	16.4705303658333	16.4312683620833	16.4396983279167	16.58606779625	16.626169845	16.48073599375	16.2991778491667	16.6133454570833	16.5425065920833	16.5482623470833	16.5178215629167	16.5600532379167	16.61962994375	16.5427235158333	15.67742573	13.4423768829167	11.70810675625	11.04281567875	10.4675127122083	9.99996327733333	10.039044962125	9.57721645483333	9.320320739125
2013-10-16	16.0413338045833	16.0483329804167	16.04062815375	16.2050924975	16.2508129270833	16.0992474466667	15.91307565375	16.2339010120833	16.1570629704167	16.1600220058333	16.13616852625	16.18489116125	16.2213904641667	16.1810695454167	16.2949135775	16.16352106875	15.8626484229167	13.2576088741667	11.3529392891667	10.372763264125	10.2278177963333	9.66516872433333	9.39886122879167
2013-10-17	15.70142208	15.7787622408333	15.8055129470833	15.9239532720833	15.9676479516667	15.8051944445833	15.6143622870833	15.9304220816667	15.8322545904167	15.8515394308333	15.8310895720833	15.8789061908333	15.9057171625	15.8688207391667	15.9845190675	15.7597144541667	13.9795557908333	11.6392323441667	10.5625549666667	9.96540630929167	10.0234093688333	9.6019226695	9.34557909608333
2013-10-18	15.2556574854167	15.3424193745833	15.3610922783333	15.50128201625	15.5530642654167	15.3968106170833	15.2129661020833	15.537686205	15.3813586395833	15.4598136158333	15.42670751	15.47765630875	15.50989300875	15.4770082391667	15.5954976475	15.4374877583333	14.97721963375	13.36671257125	11.8835628041667	10.5928578156667	10.3635750939583	9.83690348375	9.57577860166667
2013-10-19	14.7520435504167	14.7891782016667	14.8086397129167	14.9471094633333	15.01238052375	14.8294949383333	14.65834486875	14.97785346125	15.0062757770833	14.8937658708333	14.8697465866667	14.9168216808333	14.9318189741667	14.8986837333333	15.0168121466667	14.88777118625	14.94529743375	12.9253374525	10.7567160525	10.0811770253333	10.1222893128333	9.6487418785	9.425000941625
2013-10-20	14.2278323920833	14.2672815441667	14.2831554104167	14.4169035120833	14.48921872375	14.2979557479167	14.1406623358333	14.4587244583333	14.4688535779167	14.3775765220833	14.35252630875	14.4083062975	14.4262467445833	14.3888856945833	14.5133477370833	14.3856178195833	13.9613824158333	13.1993209741667	11.7175679102083	10.1590401685417	10.1743255566667	9.6895446985	9.45670951033333
2013-10-21	13.7928725445833	13.808944445	13.8328402783333	13.964735405	14.0377228108333	13.92705379	13.69686852625	14.0106690208333	13.99052601125	13.9356714920833	13.8980882770833	13.9597157491667	13.9765116533333	13.96300117625	14.0766641945833	13.9488241525	13.8631882054167	13.3917535308333	12.8404236108333	12.32090830975	11.8898871234167	10.6709340865417	10.175629119375
2013-10-22	13.1697276375	13.20790313	13.2649374991667	13.3913303904167	13.415073445	13.30433816	13.0965519066667	13.4080317808333	13.3707721270833	13.32083272	13.2475708570833	13.3396513641667	13.3400329570833	13.3151989170833	13.43056661875	13.3039074858333	13.4510732116667	13.4656394775	13.1625492	11.5908339216667	11.0297477629167	9.99333980691667	9.710881827
2013-10-23	12.6495347220833	12.7921500704167	12.75418459	12.88442537625	13.0194107804167	12.8206240583333	12.6210366066667	12.9323551083333	12.9035437854167	12.8571674916667	12.7189633945833	12.87476015125	12.8699366766667	12.8462282241667	12.9402882541667	12.8074609229167	12.95063700625	12.9957272833333	12.8155454416667	12.3915504941667	11.6610521425	10.133821445625	9.64182332870833
2013-10-24	12.1212840154167	12.2262336395833	12.2136990354167	12.3462312845833	12.45204460875	12.2736559558333	12.0854691625	12.3563535783333	12.351175965	12.3123575808333	12.3744346754167	12.3445359	12.34184380875	12.3361553666667	12.4560879233333	12.3184702225	12.4861270008333	12.5773506354167	12.4791262383333	12.4497858995833	12.5707712116667	11.013309792875	10.22869679825
2013-10-25	11.7118814729167	11.7608117933333	11.7590243641667	11.8962365820833	11.9857183379167	11.8077045675	11.62669856375	11.9651041658333	11.8894096029167	11.85267019875	11.9035157716667	11.8738128533333	11.88420127125	11.863693385	11.9943746470833	11.86725494375	11.97255838	12.08661711375	11.97991666625	11.95383557	12.1473970091667	11.8402123345833	11.4118596983333
2013-10-26	11.354939485	11.31825188375	11.3187528254167	11.4588328633333	11.5465566641667	11.3720855454167	11.189725185	11.5406066783333	11.4462173966667	11.40878249	11.4332263416667	11.4405341745833	11.4531237945833	11.4285072	11.5521128679167	11.43902819125	11.5169904670833	11.67086099375	11.5767422191667	11.56222299375	11.7716041583333	11.4851445504167	11.364052045
2013-10-27	11.0431764682609	11.061090733913	11.0623562126087	11.2033911230435	11.2860133791304	11.1092852856522	10.9299457686957	11.2552474278261	11.1792365686957	11.1402955513043	11.1580495308696	11.1720403486957	11.183229673913	11.158581043913	11.2854339095652	11.1718629795652	11.3320546508696	11.4120965656522	11.3172786573913	11.3036788978261	11.5254037091304	11.2604762952174	11.173816316087
